#name zcmb zhel dz mb dmb x1 dx1 color dcolor 3rdvar d3rdvar cov_m_s cov_m_c cov_s_c set ra dec biascor 
0 0.014 0.014 0.0 14.57001926 0.0311 0 0 0 0 0 0 0 0 0 0 0 0
1 0.0194 0.0194 0.0 15.2279603507 0.02645 0 0 0 0 0 0 0 0 0 0 0 0
2 0.0264 0.0264 0.0 15.934102317 0.0231 0 0 0 0 0 0 0 0 0 0 0 0
3 0.0329 0.0329 0.0 16.4217829558 0.0235 0 0 0 0 0 0 0 0 0 0 0 0
4 0.0396 0.0396 0.0 16.836418956 0.02845 0 0 0 0 0 0 0 0 0 0 0 0
5 0.0475 0.0475 0.0 17.2346439906 0.0334 0 0 0 0 0 0 0 0 0 0 0 0
6 0.056 0.056 0.0 17.5758459622 0.03215 0 0 0 0 0 0 0 0 0 0 0 0
7 0.064 0.064 0.0 17.9104543501 0.0439 0 0 0 0 0 0 0 0 0 0 0 0
8 0.0721 0.0721 0.0 18.1780074589 0.03865 0 0 0 0 0 0 0 0 0 0 0 0
9 0.0811 0.0811 0.0 18.5543855764 0.04225 0 0 0 0 0 0 0 0 0 0 0 0
10 0.0889 0.0889 0.0 18.7006554037 0.03635 0 0 0 0 0 0 0 0 0 0 0 0
11 0.1001 0.1001 0.0 19.0388242428 0.03515 0 0 0 0 0 0 0 0 0 0 0 0
12 0.1071 0.1071 0.0 19.1720185353 0.03355 0 0 0 0 0 0 0 0 0 0 0 0
13 0.1195 0.1195 0.0 19.3711295152 0.026 0 0 0 0 0 0 0 0 0 0 0 0
14 0.1278 0.1278 0.0 19.5555026238 0.02635 0 0 0 0 0 0 0 0 0 0 0 0
15 0.1396 0.1396 0.0 19.8185930766 0.02335 0 0 0 0 0 0 0 0 0 0 0 0
16 0.1519 0.1519 0.0 19.9445025196 0.0237 0 0 0 0 0 0 0 0 0 0 0 0
17 0.1635 0.1635 0.0 20.0642537602 0.02585 0 0 0 0 0 0 0 0 0 0 0 0
18 0.1778 0.1778 0.0 20.3389008923 0.01965 0 0 0 0 0 0 0 0 0 0 0 0
19 0.1906 0.1906 0.0 20.5047456137 0.02205 0 0 0 0 0 0 0 0 0 0 0 0
20 0.2067 0.2067 0.0 20.6854007995 0.0214 0 0 0 0 0 0 0 0 0 0 0 0
21 0.2216 0.2216 0.0 20.8610322507 0.0233 0 0 0 0 0 0 0 0 0 0 0 0
22 0.2405 0.2405 0.0 21.0518440051 0.0222 0 0 0 0 0 0 0 0 0 0 0 0
23 0.2558 0.2558 0.0 21.2037930719 0.02025 0 0 0 0 0 0 0 0 0 0 0 0
24 0.2762 0.2762 0.0 21.3636137766 0.0221 0 0 0 0 0 0 0 0 0 0 0 0
25 0.2972 0.2972 0.0 21.5790014334 0.0216 0 0 0 0 0 0 0 0 0 0 0 0
26 0.3215 0.3215 0.0 21.813277279 0.0214 0 0 0 0 0 0 0 0 0 0 0 0
27 0.3453 0.3453 0.0 21.9665751024 0.0234 0 0 0 0 0 0 0 0 0 0 0 0
28 0.3708 0.3708 0.0 22.1428940056 0.02145 0 0 0 0 0 0 0 0 0 0 0 0
29 0.4049 0.4049 0.0 22.3799192408 0.03225 0 0 0 0 0 0 0 0 0 0 0 0
30 0.4355 0.4355 0.0 22.5579272526 0.0254 0 0 0 0 0 0 0 0 0 0 0 0
31 0.4738 0.4738 0.0 22.797376642 0.02935 0 0 0 0 0 0 0 0 0 0 0 0
32 0.5174 0.5174 0.0 23.0011594448 0.02685 0 0 0 0 0 0 0 0 0 0 0 0
33 0.5742 0.5742 0.0 23.3004345026 0.0245 0 0 0 0 0 0 0 0 0 0 0 0
34 0.6299 0.6299 0.0 23.5036280324 0.031 0 0 0 0 0 0 0 0 0 0 0 0
35 0.724 0.724 0.0 23.8666293039 0.027 0 0 0 0 0 0 0 0 0 0 0 0
36 0.821 0.821 0.0 24.2445519795 0.0248 0 0 0 0 0 0 0 0 0 0 0 0
37 0.9511 0.9511 0.0 24.6411323707 0.0276 0 0 0 0 0 0 0 0 0 0 0 0
38 1.2336 1.2336 0.0 25.3039940191 0.05635 0 0 0 0 0 0 0 0 0 0 0 0
39 1.6123 1.6123 0.0 25.9259729107 0.0735 0 0 0 0 0 0 0 0 0 0 0 0
