40
0.000455
0.000260445
0.00027289
0.000263405
0.000340355
0.00023566
0.000271965
8.503e-05
0.000262485
2.1005e-05
-5.143e-05
-8.9345e-05
-3.06e-06
-2.2615e-05
-7.568e-05
-6.5265e-05
-0.0001212
-0.000122815
-0.000115245
-6.956e-05
-0.00010404
-7.0945e-05
2.9165e-05
-1.9835e-05
-1.9625e-05
-1.3635e-05
-9.88e-06
-0.00010284
-5.415e-05
-9.7525e-05
-0.000111535
-2.8785e-05
-2.4225e-05
-0.00020569
-9.262e-05
-0.00016447
-0.0001908
1.0105e-05
7.052e-05
0.000299125
0.000260445
0.00079444
0.00013268
0.000213725
0.000102385
0.0001414
0.000141165
1.67e-06
0.000162575
-4.626e-05
-9.8945e-05
-0.00014419
-8.908e-05
-5.8885e-05
-5.528e-05
-7.5905e-05
-0.00013411
-0.0001093
-0.00014019
-7.0765e-05
-0.000141725
-8.1255e-05
-2.4665e-05
-4.0565e-05
-4.013e-05
-4.3095e-05
-4.292e-05
-0.000115945
6.909e-05
-7.369e-05
-9.144e-05
-2.6525e-05
8.949e-05
-0.000157615
-0.00014422
-6.711e-05
-7.6045e-05
8.7765e-05
0.00011742
0.000237385
0.00027289
0.00013268
0.000216685
0.0001768
0.000217115
0.000126205
0.00015689
5.4995e-05
0.00016279
1.0195e-05
-3.2435e-05
-3.365e-05
5.48e-06
-1.8765e-05
-5.853e-05
-4.6245e-05
-6.2265e-05
-7.742e-05
-5.487e-05
-4.7985e-05
-4.94e-05
-4.5415e-05
1.109e-05
-1.536e-05
-1.166e-05
-9.835e-06
-5.84e-06
-6.219e-05
-6.688e-05
-7.008e-05
-7.1985e-05
-2.701e-05
-3.38e-05
-0.00013817
-3.337e-05
-0.00011412
-0.000131125
1.49e-06
0.00010198
0.00031083
0.000263405
0.000213725
0.0001768
0.00021478
0.000163845
0.00012771
9.872e-05
-3.535e-06
0.00011907
-3.93e-06
-4.785e-05
-7.2465e-05
-1.0075e-05
-3.1805e-05
-6.614e-05
-6.224e-05
-9.338e-05
-0.00010313
-9.125e-05
-4.5865e-05
-8.341e-05
-5.489e-05
1.973e-05
-1.4925e-05
-1.717e-05
-1.0445e-05
-6.725e-06
-7.4235e-05
-2.0055e-05
-5.9e-05
-7.0495e-05
-6.99e-06
2.8055e-05
-0.000132445
-5.009e-05
-7.912e-05
-0.000112475
6.221e-05
9.5305e-05
0.00024312
0.000340355
0.000102385
0.000217115
0.000163845
0.000447365
0.000211315
0.00031547
0.000139175
0.000254525
3.6305e-05
-3.4765e-05
-7.411e-05
-6.94e-06
-2.635e-05
-6.4405e-05
-5.6055e-05
-9.713e-05
-9.6455e-05
-8.5925e-05
-5.114e-05
-9.13e-05
-6.026e-05
5.46e-06
-2.844e-05
-3.455e-05
-3.389e-05
-2.7415e-05
-7.5205e-05
-5.4545e-05
-6.672e-05
-7.4445e-05
-1.9095e-05
-3.86e-06
-0.00011945
-4.508e-05
-0.000106745
-0.00014796
3.96e-06
2.91e-05
0.000203455
0.00023566
0.0001414
0.000126205
0.00012771
0.000211315
0.00069008
0.00023765
6.146e-05
0.00021142
-2.4385e-05
-6.9955e-05
-0.000102755
-6.1775e-05
-2.41e-05
-1.119e-05
-5.663e-05
-8.1165e-05
-4.1595e-05
-9.106e-05
-2.0445e-05
-7.855e-05
-5.7255e-05
-5.725e-06
-2.756e-05
-2.853e-05
-2.1325e-05
-3.1125e-05
-6.787e-05
8.01e-05
-6.121e-05
-0.00011859
-2.866e-05
8.875e-05
-8.7605e-05
-0.0001596
-6.907e-05
-6.295e-05
-8.71e-06
-0.00011209
-0.00017911
0.000271965
0.000141165
0.00015689
9.872e-05
0.00031547
0.00023765
0.00040778
0.000220125
0.0002872
8.8075e-05
-3.8065e-05
-3.832e-05
-3.6595e-05
1.614e-05
-1.9125e-05
-3.5605e-05
-5.728e-05
-4.0985e-05
-5.476e-05
-5.8625e-05
-5.1745e-05
-4.709e-05
2.445e-06
-1.6665e-05
-1.024e-05
-1.494e-05
-8.755e-06
-6.6125e-05
-3.2215e-05
-7.1275e-05
-5.5295e-05
-3.051e-05
-3.434e-05
-0.000107585
-6.8325e-05
-0.000116395
-0.000155085
-0.000101115
1.072e-05
2.28e-05
8.503e-05
1.67e-06
5.4995e-05
-3.535e-06
0.000139175
6.146e-05
0.000220125
0.000200355
0.00015403
8.1015e-05
-2.4845e-05
1.0305e-05
-3.06e-05
1.8205e-05
-1.49e-05
-1.224e-05
4.06e-06
-3.64e-06
4.37e-06
-3.0125e-05
4.735e-06
-1.237e-05
-6.1e-06
-5.815e-06
1.5e-07
-5.49e-06
1.2545e-05
-9.525e-06
-4.09e-05
-2.557e-05
3.3e-07
-1.2855e-05
-4.9905e-05
-4.0145e-05
-1.285e-06
-6.506e-05
-8.683e-05
-8.885e-05
4.822e-05
8.046e-05
0.000262485
0.000162575
0.00016279
0.00011907
0.000254525
0.00021142
0.0002872
0.00015403
0.00042969
5.325e-05
-3.803e-05
-4.9955e-05
9.88e-06
-2.165e-06
-3.9395e-05
-2.4325e-05
-7.2085e-05
-8.239e-05
-6.7065e-05
-3.259e-05
-4.927e-05
-3.4295e-05
3.7385e-05
-5.165e-06
1.8395e-05
8.31e-06
-3.51e-06
-3.786e-05
-8.9895e-05
-6.1395e-05
-8.1815e-05
-1.9415e-05
-7.32e-06
-0.000119965
-6.821e-05
-0.00015484
-0.000197845
-6.2305e-05
-9.0505e-05
8.3285e-05
2.1005e-05
-4.626e-05
1.0195e-05
-3.93e-06
3.6305e-05
-2.4385e-05
8.8075e-05
8.1015e-05
5.325e-05
0.0008332
7.0545e-05
6.328e-05
5.3035e-05
7.1655e-05
4.354e-05
-6.7635e-05
3.5625e-05
5.73e-05
2.784e-05
1.216e-05
3.4165e-05
2.596e-05
2.09e-05
1.939e-05
1.3905e-05
1.477e-05
6.78e-06
2.219e-05
-3.895e-05
-8.135e-06
-0.00015633
-1.585e-06
-8.61e-05
2.0045e-05
0.0001426
-4.2405e-05
-8.5375e-05
-0.000132645
-0.00015198
-0.000177175
-5.143e-05
-9.8945e-05
-3.2435e-05
-4.785e-05
-3.4765e-05
-6.9955e-05
-3.8065e-05
-2.4845e-05
-3.803e-05
7.0545e-05
7.635e-05
6.767e-05
6.5095e-05
3.748e-05
4.963e-05
4.794e-05
5.541e-05
6.2845e-05
4.9915e-05
2.9625e-05
4.839e-05
4.443e-05
1.688e-05
2.213e-05
2.1005e-05
2.2285e-05
6.27e-06
3.6045e-05
-9.03e-06
1.2035e-05
7.41e-06
-5.395e-06
-6.1765e-05
3.283e-05
9.24e-06
-1.8765e-05
-3.03e-05
-0.00011189
-0.00015967
-0.00015122
-8.9345e-05
-0.00014419
-3.365e-05
-7.2465e-05
-7.411e-05
-0.000102755
-3.832e-05
1.0305e-05
-4.9955e-05
6.328e-05
6.767e-05
0.00011366
6.033e-05
5.408e-05
6.104e-05
5.994e-05
9.256e-05
8.5205e-05
9.3635e-05
2.417e-05
8.802e-05
5.7295e-05
1.858e-05
3.336e-05
4.016e-05
3.435e-05
2.791e-05
4.699e-05
-4.1275e-05
9.745e-06
2.747e-05
-1.9315e-05
-0.00011968
2.1995e-05
1.8305e-05
-4.345e-05
-4.6285e-05
-0.00016211
-0.00013544
-0.000110145
-3.06e-06
-8.908e-05
5.48e-06
-1.0075e-05
-6.94e-06
-6.1775e-05
-3.6595e-05
-3.06e-05
9.88e-06
5.3035e-05
6.5095e-05
6.033e-05
0.00010183
3.4905e-05
2.421e-05
4.5335e-05
3.225e-05
2.7255e-05
3.599e-05
2.25e-05
3.818e-05
3.548e-05
3.6295e-05
2.3455e-05
2.1645e-05
2.8725e-05
1.238e-05
2.9775e-05
-6.6805e-05
-5.015e-06
-2.2475e-05
-6.555e-06
-8.1995e-05
-1.84e-06
2.991e-05
-6.0365e-05
-5.6735e-05
-7.533e-05
-8.925e-05
7.67e-06
-2.2615e-05
-5.8885e-05
-1.8765e-05
-3.1805e-05
-2.635e-05
-2.41e-05
1.614e-05
1.8205e-05
-2.165e-06
7.1655e-05
3.748e-05
5.408e-05
3.4905e-05
4.6645e-05
4.674e-05
3.652e-05
4.613e-05
5.1105e-05
4.161e-05
1.318e-05
4.079e-05
2.9945e-05
1.8705e-05
2.352e-05
2.641e-05
2.359e-05
2.0305e-05
2.0505e-05
-1.6505e-05
6.94e-06
2.75e-07
-5.97e-06
-7.606e-05
9.055e-06
8.45e-07
-3.86e-05
-4.0725e-05
-0.000117385
-0.000125155
-0.00016156
-7.568e-05
-5.528e-05
-5.853e-05
-6.614e-05
-6.4405e-05
-1.119e-05
-1.9125e-05
-1.49e-05
-3.9395e-05
4.354e-05
4.963e-05
6.104e-05
2.421e-05
4.674e-05
0.00011843
5.491e-05
6.094e-05
9.2825e-05
5.905e-05
2.236e-05
5.2355e-05
3.671e-05
3.46e-06
1.7745e-05
2.6185e-05
1.566e-05
7.5e-08
1.788e-05
1.848e-05
1.0995e-05
-8.975e-06
-2.347e-05
-7.4835e-05
3.28e-05
-2.3935e-05
-1.453e-05
1.437e-05
-0.000136035
-0.00010385
-0.00017837
-6.5265e-05
-7.5905e-05
-4.6245e-05
-6.224e-05
-5.6055e-05
-5.663e-05
-3.5605e-05
-1.224e-05
-2.4325e-05
-6.7635e-05
4.794e-05
5.994e-05
4.5335e-05
3.652e-05
5.491e-05
8.407e-05
6.3955e-05
6.886e-05
5.954e-05
3.2525e-05
6.6045e-05
5.324e-05
2.5905e-05
3.106e-05
3.6135e-05
3.2995e-05
2.0855e-05
4.309e-05
-8.775e-06
2.5835e-05
2.7965e-05
-1.449e-05
-9.6635e-05
1.641e-05
-3.194e-05
-4.13e-05
-3.228e-05
-0.000138465
-0.000185925
-0.00020343
-0.0001212
-0.00013411
-6.2265e-05
-9.338e-05
-9.713e-05
-8.1165e-05
-5.728e-05
4.06e-06
-7.2085e-05
3.5625e-05
5.541e-05
9.256e-05
3.225e-05
4.613e-05
6.094e-05
6.3955e-05
0.000111495
9.752e-05
9.352e-05
3.8245e-05
9.1055e-05
6.041e-05
6.97e-06
3.405e-05
3.485e-05
3.3105e-05
2.8865e-05
5.761e-05
2.505e-06
3.5205e-05
4.9765e-05
-1.0025e-05
-9.051e-05
4.5855e-05
-1.5925e-05
-2.1385e-05
-2.772e-05
-0.000171645
-0.00021206
-0.00026597
-0.000122815
-0.0001093
-7.742e-05
-0.00010313
-9.6455e-05
-4.1595e-05
-4.0985e-05
-3.64e-06
-8.239e-05
5.73e-05
6.2845e-05
8.5205e-05
2.7255e-05
5.1105e-05
9.2825e-05
6.886e-05
9.752e-05
0.000131875
9.308e-05
3.953e-05
8.9505e-05
6.1515e-05
-2.78e-06
3.3305e-05
2.5665e-05
2.4585e-05
1.2405e-05
4.447e-05
4.128e-05
2.5595e-05
1.4525e-05
-2.493e-05
-9.1705e-05
4.661e-05
-2.235e-05
-1.5545e-05
-3.165e-06
-0.000174575
-0.000199735
-0.0002771
-0.000115245
-0.00014019
-5.487e-05
-9.125e-05
-8.5925e-05
-9.106e-05
-5.476e-05
4.37e-06
-6.7065e-05
2.784e-05
4.9915e-05
9.3635e-05
3.599e-05
4.161e-05
5.905e-05
5.954e-05
9.352e-05
9.308e-05
0.00010854
3.598e-05
9.397e-05
5.9225e-05
1.28e-05
2.963e-05
3.135e-05
2.5965e-05
2.577e-05
5.203e-05
-1.539e-05
1.7605e-05
3.9975e-05
-2.8725e-05
-0.000101765
2.514e-05
-1.5015e-05
-3.1345e-05
-1.976e-05
-0.000141195
-0.000128505
-0.00014892
-6.956e-05
-7.0765e-05
-4.7985e-05
-4.5865e-05
-5.114e-05
-2.0445e-05
-5.8625e-05
-3.0125e-05
-3.259e-05
1.216e-05
2.9625e-05
2.417e-05
2.25e-05
1.318e-05
2.236e-05
3.2525e-05
3.8245e-05
3.953e-05
3.598e-05
5.1875e-05
4.9465e-05
4.45e-05
2.7645e-05
2.114e-05
1.804e-05
2.112e-05
1.318e-05
4.3235e-05
1.824e-05
3.139e-05
2.68e-06
-4.115e-06
-1.177e-05
2.812e-05
-2.542e-05
-1.855e-06
-2.033e-05
-6.1535e-05
-0.000239175
-0.00026403
-0.00010404
-0.000141725
-4.94e-05
-8.341e-05
-9.13e-05
-7.855e-05
-5.1745e-05
4.735e-06
-4.927e-05
3.4165e-05
4.839e-05
8.802e-05
3.818e-05
4.079e-05
5.2355e-05
6.6045e-05
9.1055e-05
8.9505e-05
9.397e-05
4.9465e-05
0.000118965
7.7085e-05
3.7225e-05
4.486e-05
5.026e-05
4.5465e-05
3.668e-05
6.1155e-05
-1.7655e-05
2.678e-05
9.13e-06
-3.7405e-05
-0.00012435
5e-09
-2.9225e-05
-4.982e-05
-4.3585e-05
-0.000152455
-0.00024134
-0.00024484
-7.0945e-05
-8.1255e-05
-4.5415e-05
-5.489e-05
-6.026e-05
-5.7255e-05
-4.709e-05
-1.237e-05
-3.4295e-05
2.596e-05
4.443e-05
5.7295e-05
3.548e-05
2.9945e-05
3.671e-05
5.324e-05
6.041e-05
6.1515e-05
5.9225e-05
4.45e-05
7.7085e-05
6.645e-05
3.746e-05
3.8155e-05
3.9015e-05
3.7355e-05
3.054e-05
5.4175e-05
5.025e-06
3.1445e-05
1.2445e-05
-1.7805e-05
-8.6305e-05
9.115e-06
-3.5315e-05
-3.7695e-05
-4.3885e-05
-0.000126595
-0.00027075
-0.000282125
2.9165e-05
-2.4665e-05
1.109e-05
1.973e-05
5.46e-06
-5.725e-06
2.445e-06
-6.1e-06
3.7385e-05
2.09e-05
1.688e-05
1.858e-05
3.6295e-05
1.8705e-05
3.46e-06
2.5905e-05
6.97e-06
-2.78e-06
1.28e-05
2.7645e-05
3.7225e-05
3.746e-05
6.557e-05
3.0405e-05
3.6465e-05
3.93e-05
3.167e-05
2.518e-05
-3.012e-05
9.065e-06
-7.65e-06
-1.505e-05
-6.3675e-05
-4.2125e-05
-4.893e-05
-6.2015e-05
-7.819e-05
-7.1545e-05
-0.000221735
-0.000196835
-1.9835e-05
-4.0565e-05
-1.536e-05
-1.4925e-05
-2.844e-05
-2.756e-05
-1.6665e-05
-5.815e-06
-5.165e-06
1.939e-05
2.213e-05
3.336e-05
2.3455e-05
2.352e-05
1.7745e-05
3.106e-05
3.405e-05
3.3305e-05
2.963e-05
2.114e-05
4.486e-05
3.8155e-05
3.0405e-05
3.5855e-05
3.238e-05
3.3175e-05
2.764e-05
2.5205e-05
5.2e-07
1.6965e-05
6.65e-06
-7.5e-06
-6.119e-05
-1.2035e-05
-2.523e-05
-3.9535e-05
-5.6575e-05
-8.8095e-05
-0.000196625
-0.00018998
-1.9625e-05
-4.013e-05
-1.166e-05
-1.717e-05
-3.455e-05
-2.853e-05
-1.024e-05
1.5e-07
1.8395e-05
1.3905e-05
2.1005e-05
4.016e-05
2.1645e-05
2.641e-05
2.6185e-05
3.6135e-05
3.485e-05
2.5665e-05
3.135e-05
1.804e-05
5.026e-05
3.9015e-05
3.6465e-05
3.238e-05
5.1345e-05
3.6725e-05
2.9625e-05
2.827e-05
-2.166e-05
1.885e-05
5.655e-06
-1.173e-05
-7.4155e-05
-1.5805e-05
-2.5995e-05
-4.414e-05
-5.865e-05
-0.000101215
-0.000191695
-0.000187735
-1.3635e-05
-4.3095e-05
-9.835e-06
-1.0445e-05
-3.389e-05
-2.1325e-05
-1.494e-05
-5.49e-06
8.31e-06
1.477e-05
2.2285e-05
3.435e-05
2.8725e-05
2.359e-05
1.566e-05
3.2995e-05
3.3105e-05
2.4585e-05
2.5965e-05
2.112e-05
4.5465e-05
3.7355e-05
3.93e-05
3.3175e-05
3.6725e-05
4.378e-05
3.0805e-05
2.9795e-05
-1.615e-05
1.6065e-05
8.99e-06
-7.835e-06
-6.3355e-05
-1.508e-05
-3.0165e-05
-4.777e-05
-6.1845e-05
-9.1955e-05
-0.00019624
-0.000200315
-9.88e-06
-4.292e-05
-5.84e-06
-6.725e-06
-2.7415e-05
-3.1125e-05
-8.755e-06
1.2545e-05
-3.51e-06
6.78e-06
6.27e-06
2.791e-05
1.238e-05
2.0305e-05
7.5e-08
2.0855e-05
2.8865e-05
1.2405e-05
2.577e-05
1.318e-05
3.668e-05
3.054e-05
3.167e-05
2.764e-05
2.9625e-05
3.0805e-05
3.942e-05
2.9245e-05
-1.244e-05
1.8165e-05
1.746e-05
-2.13e-06
-6.312e-05
-1.646e-05
-2.0505e-05
-4.565e-05
-5.3545e-05
-7.2695e-05
-0.000137605
-0.000153915
-0.00010284
-0.000115945
-6.219e-05
-7.4235e-05
-7.5205e-05
-6.787e-05
-6.6125e-05
-9.525e-06
-3.786e-05
2.219e-05
3.6045e-05
4.699e-05
2.9775e-05
2.0505e-05
1.788e-05
4.309e-05
5.761e-05
4.447e-05
5.203e-05
4.3235e-05
6.1155e-05
5.4175e-05
2.518e-05
2.5205e-05
2.827e-05
2.9795e-05
2.9245e-05
7.2425e-05
9.45e-07
4.928e-05
3.099e-05
7.74e-06
-4.8475e-05
5.584e-05
3.985e-06
-8.49e-06
-2.086e-05
-0.00010094
-0.000234825
-0.000291105
-5.415e-05
6.909e-05
-6.688e-05
-2.0055e-05
-5.4545e-05
8.01e-05
-3.2215e-05
-4.09e-05
-8.9895e-05
-3.895e-05
-9.03e-06
-4.1275e-05
-6.6805e-05
-1.6505e-05
1.848e-05
-8.775e-06
2.505e-06
4.128e-05
-1.539e-05
1.824e-05
-1.7655e-05
5.025e-06
-3.012e-05
5.2e-07
-2.166e-05
-1.615e-05
-1.244e-05
9.45e-07
0.00017753
4.477e-05
3.121e-05
1.647e-05
9.184e-05
4.7145e-05
-7.9805e-05
7.327e-05
4.204e-05
-1.4795e-05
-0.00018186
-0.00033661
-9.7525e-05
-7.369e-05
-7.008e-05
-5.9e-05
-6.672e-05
-6.121e-05
-7.1275e-05
-2.557e-05
-6.1395e-05
-8.135e-06
1.2035e-05
9.745e-06
-5.015e-06
6.94e-06
1.0995e-05
2.5835e-05
3.5205e-05
2.5595e-05
1.7605e-05
3.139e-05
2.678e-05
3.1445e-05
9.065e-06
1.6965e-05
1.885e-05
1.6065e-05
1.8165e-05
4.928e-05
4.477e-05
7.7965e-05
4.5175e-05
3.114e-05
-5.8e-07
6.9805e-05
2.04e-06
4.1085e-05
1.032e-05
-5.9505e-05
-0.000225225
-0.000325275
-0.000111535
-9.144e-05
-7.1985e-05
-7.0495e-05
-7.4445e-05
-0.00011859
-5.5295e-05
3.3e-07
-8.1815e-05
-0.00015633
7.41e-06
2.747e-05
-2.2475e-05
2.75e-07
-8.975e-06
2.7965e-05
4.9765e-05
1.4525e-05
3.9975e-05
2.68e-06
9.13e-06
1.2445e-05
-7.65e-06
6.65e-06
5.655e-06
8.99e-06
1.746e-05
3.099e-05
3.121e-05
4.5175e-05
0.00018946
3.2225e-05
3.261e-05
6.672e-05
-4.34e-05
5.8245e-05
6.79e-06
-3.7285e-05
-5.8345e-05
-0.00015842
-2.8785e-05
-2.6525e-05
-2.701e-05
-6.99e-06
-1.9095e-05
-2.866e-05
-3.051e-05
-1.2855e-05
-1.9415e-05
-1.585e-06
-5.395e-06
-1.9315e-05
-6.555e-06
-5.97e-06
-2.347e-05
-1.449e-05
-1.0025e-05
-2.493e-05
-2.8725e-05
-4.115e-06
-3.7405e-05
-1.7805e-05
-1.505e-05
-7.5e-06
-1.173e-05
-7.835e-06
-2.13e-06
7.74e-06
1.647e-05
3.114e-05
3.2225e-05
5.8735e-05
6.8625e-05
6.7625e-05
6.7755e-05
5.3405e-05
6.2e-06
2.896e-05
-1.096e-05
-6.8325e-05
-2.4225e-05
8.949e-05
-3.38e-05
2.8055e-05
-3.86e-06
8.875e-05
-3.434e-05
-4.9905e-05
-7.32e-06
-8.61e-05
-6.1765e-05
-0.00011968
-8.1995e-05
-7.606e-05
-7.4835e-05
-9.6635e-05
-9.051e-05
-9.1705e-05
-0.000101765
-1.177e-05
-0.00012435
-8.6305e-05
-6.3675e-05
-6.119e-05
-7.4155e-05
-6.3355e-05
-6.312e-05
-4.8475e-05
9.184e-05
-5.8e-07
3.261e-05
6.8625e-05
0.00031763
8.329e-05
4.846e-05
0.000171
8.2185e-05
0.000252885
0.00018432
0.000116975
-0.00020569
-0.000157615
-0.00013817
-0.000132445
-0.00011945
-8.7605e-05
-0.000107585
-4.0145e-05
-0.000119965
2.0045e-05
3.283e-05
2.1995e-05
-1.84e-06
9.055e-06
3.28e-05
1.641e-05
4.5855e-05
4.661e-05
2.514e-05
2.812e-05
5e-09
9.115e-06
-4.2125e-05
-1.2035e-05
-1.5805e-05
-1.508e-05
-1.646e-05
5.584e-05
4.7145e-05
6.9805e-05
6.672e-05
6.7625e-05
8.329e-05
0.00019382
0.00010928
0.000134015
9.882e-05
-1.4155e-05
-5.792e-05
-0.0002811
-9.262e-05
-0.00014422
-3.337e-05
-5.009e-05
-4.508e-05
-0.0001596
-6.8325e-05
-1.285e-06
-6.821e-05
0.0001426
9.24e-06
1.8305e-05
2.991e-05
8.45e-07
-2.3935e-05
-3.194e-05
-1.5925e-05
-2.235e-05
-1.5015e-05
-2.542e-05
-2.9225e-05
-3.5315e-05
-4.893e-05
-2.523e-05
-2.5995e-05
-3.0165e-05
-2.0505e-05
3.985e-06
-7.9805e-05
2.04e-06
-4.34e-05
6.7755e-05
4.846e-05
0.00010928
0.00030171
8.413e-05
6.614e-05
0.000103915
0.000330755
0.00037822
-0.00016447
-6.711e-05
-0.00011412
-7.912e-05
-0.000106745
-6.907e-05
-0.000116395
-6.506e-05
-0.00015484
-4.2405e-05
-1.8765e-05
-4.345e-05
-6.0365e-05
-3.86e-05
-1.453e-05
-4.13e-05
-2.1385e-05
-1.5545e-05
-3.1345e-05
-1.855e-06
-4.982e-05
-3.7695e-05
-6.2015e-05
-3.9535e-05
-4.414e-05
-4.777e-05
-4.565e-05
-8.49e-06
7.327e-05
4.1085e-05
5.8245e-05
5.3405e-05
0.000171
0.000134015
8.413e-05
0.00022324
0.00017903
0.000183005
0.00012501
-1.5015e-05
-0.0001908
-7.6045e-05
-0.000131125
-0.000112475
-0.00014796
-6.295e-05
-0.000155085
-8.683e-05
-0.000197845
-8.5375e-05
-3.03e-05
-4.6285e-05
-5.6735e-05
-4.0725e-05
1.437e-05
-3.228e-05
-2.772e-05
-3.165e-06
-1.976e-05
-2.033e-05
-4.3585e-05
-4.3885e-05
-7.819e-05
-5.6575e-05
-5.865e-05
-6.1845e-05
-5.3545e-05
-2.086e-05
4.204e-05
1.032e-05
6.79e-06
6.2e-06
8.2185e-05
9.882e-05
6.614e-05
0.00017903
0.00046946
0.00020613
0.00036463
0.00019708
1.0105e-05
8.7765e-05
1.49e-06
6.221e-05
3.96e-06
-8.71e-06
-0.000101115
-8.885e-05
-6.2305e-05
-0.000132645
-0.00011189
-0.00016211
-7.533e-05
-0.000117385
-0.000136035
-0.000138465
-0.000171645
-0.000174575
-0.000141195
-6.1535e-05
-0.000152455
-0.000126595
-7.1545e-05
-8.8095e-05
-0.000101215
-9.1955e-05
-7.2695e-05
-0.00010094
-1.4795e-05
-5.9505e-05
-3.7285e-05
2.896e-05
0.000252885
-1.4155e-05
0.000103915
0.000183005
0.00020613
0.000602475
0.000730585
0.00081864
7.052e-05
0.00011742
0.00010198
9.5305e-05
2.91e-05
-0.00011209
1.072e-05
4.822e-05
-9.0505e-05
-0.00015198
-0.00015967
-0.00013544
-8.925e-05
-0.000125155
-0.00010385
-0.000185925
-0.00021206
-0.000199735
-0.000128505
-0.000239175
-0.00024134
-0.00027075
-0.000221735
-0.000196625
-0.000191695
-0.00019624
-0.000137605
-0.000234825
-0.00018186
-0.000225225
-5.8345e-05
-1.096e-05
0.00018432
-5.792e-05
0.000330755
0.00012501
0.00036463
0.000730585
0.002527705
0.00259913
0.000299125
0.000237385
0.00031083
0.00024312
0.000203455
-0.00017911
2.28e-05
8.046e-05
8.3285e-05
-0.000177175
-0.00015122
-0.000110145
7.67e-06
-0.00016156
-0.00017837
-0.00020343
-0.00026597
-0.0002771
-0.00014892
-0.00026403
-0.00024484
-0.000282125
-0.000196835
-0.00018998
-0.000187735
-0.000200315
-0.000153915
-0.000291105
-0.00033661
-0.000325275
-0.00015842
-6.8325e-05
0.000116975
-0.0002811
0.00037822
-1.5015e-05
0.00019708
0.00081864
0.00259913
0.00362865
